0,1.6302706,43.570534,1.2109045,1.920691,
0,1.6302706,43.570534,1.2109045,1.920691,
0,8.508465,29.2187,5.055697,9.172654,
1,2.8604558,38.68702,1.8505034,3.2459602,
2,4.817844,34.15867,2.8283575,4.558681,
3,3.7208002,36.402996,2.292146,4.15023,
4,2.865098,38.672935,1.8167579,3.3042905,
5,3.3690543,37.265564,2.181975,3.609116,
6,3.8804781,36.038017,2.5602658,4.1539,
7,3.601128,36.68695,2.455757,3.9505644,
8,2.4483657,40.0382,1.672793,2.8074732,
9,2.5662313,39.62981,1.7303324,2.9880624,
10,2.9787834,38.334946,2.020812,3.3732631,
11,3.0370789,38.166603,2.0816257,3.4009953,
12,2.6360397,39.396687,1.847845,3.0121567,
13,2.1195378,41.2909,1.5085487,2.5048764,
14,2.2882626,40.625607,1.5515208,2.625676,
15,2.631617,39.41127,1.7568549,2.938586,
16,2.461511,39.991688,1.7711308,2.8124242,
17,2.2745137,40.67795,1.7212167,2.6325524,
18,2.2057033,40.944786,1.6017213,2.5354562,
19,2.1581964,41.133904,1.5055664,2.4984946,
20,2.163207,41.11376,1.5117887,2.5230203,
21,2.060788,41.535057,1.4886116,2.4125016,
22,2.2294798,40.851654,1.6281016,2.6034923,
23,2.2289348,40.853775,1.6272309,2.6020968,
24,2.048488,41.58706,1.4922786,2.39676,
25,1.8127166,42.649124,1.3123323,2.126571,
26,1.8627245,42.412754,1.3452017,2.184835,
27,2.0771298,41.466454,1.5083954,2.434451,
28,2.209523,40.929756,1.6200476,2.5900447,
29,2.0304961,41.663685,1.5184047,2.378521,
30,1.885214,42.30851,1.411901,2.1944022,
31,1.8324715,42.554985,1.343457,2.14082,
32,1.9215913,42.142506,1.377506,2.2573018,
33,2.0400317,41.622986,1.4517846,2.4032636,
34,1.9570996,41.983467,1.4185865,2.309214,
35,1.8674612,42.390694,1.3709698,2.1998181,
36,1.825326,42.588917,1.3308501,2.153688,
37,1.8229623,42.600174,1.3180189,2.1445312,
38,1.8079814,42.67185,1.3196862,2.119923,
39,1.8411984,42.513714,1.3639003,2.1494818,
40,1.9181907,42.15789,1.4281042,2.233611,
41,1.9243512,42.130043,1.4308711,2.2409153,
42,1.8323667,42.55548,1.3545859,2.1381502,
43,1.7297764,43.055923,1.2799677,2.0293038,
44,1.7153873,43.12848,1.2687454,2.0161886,
45,1.7364929,43.022266,1.2797866,2.045482,
46,1.7665671,42.873123,1.2983578,2.0806487,
47,1.7418851,42.99534,1.2808468,2.0499194,
48,1.697689,43.218567,1.2505512,1.9927533,
49,1.7234569,43.087715,1.2708085,2.020231,
50,1.802997,42.695827,1.3289173,2.1101067,
51,1.7777505,42.818306,1.3195168,2.085287,
52,1.7117431,43.146954,1.271796,2.0061808,
53,1.7337306,43.036095,1.2836777,2.0336714,
54,1.6602076,43.412476,1.2314992,1.9544146,
55,1.7541323,42.93448,1.3068913,2.0392258,
56,1.6982244,43.215824,1.2663084,1.9903601,
57,1.7011915,43.20066,1.2539384,1.9856356,
58,1.693559,43.239716,1.2460008,1.9809674,
59,1.6712745,43.354767,1.232445,1.9662858,
60,1.6769702,43.32522,1.2392569,1.9713833,
61,1.6883968,43.266235,1.251438,1.9796513,
62,1.6771723,43.324173,1.2462308,1.9737093,
63,1.6862173,43.277454,1.2427499,1.9685265,
64,1.6704947,43.35882,1.2343864,1.954859,
65,1.6614087,43.406197,1.2293634,1.956625,
66,1.657749,43.42535,1.2282449,1.9513019,
67,1.698952,43.212105,1.2490888,1.9866298,
68,1.7412568,42.99847,1.2708337,2.0265768,
69,1.6515298,43.458,1.2222903,1.9446871,
70,1.7163559,43.12358,1.2483752,1.9665868,
71,1.702316,43.194923,1.2486925,1.9714569,
72,1.6879033,43.268776,1.256401,1.9764606,
73,1.727201,43.068867,1.2919432,2.0045636,
74,1.7556679,42.92688,1.2993624,2.0375538,
75,1.7300171,43.054718,1.2664936,2.0312512,
76,1.6848935,43.28428,1.235768,1.9665117,
77,1.7541014,42.93463,1.2675662,2.0125988,
78,1.6976029,43.219,1.2562618,1.9761696,
79,1.743991,42.98484,1.305445,2.0273004,
80,1.7214288,43.097946,1.2844156,2.0033937,
81,1.6448032,43.493446,1.2232449,1.9319658,
82,1.6810747,43.303986,1.2410643,1.975783,
83,1.6590343,43.418617,1.2232491,1.9513195,
84,1.6544553,43.442627,1.2214705,1.9438688,
85,1.6719271,43.35138,1.2380196,1.9597093,
86,1.6518466,43.45633,1.219967,1.9465523,
87,1.6829613,43.294243,1.2419493,1.9806801,
88,1.6446279,43.494373,1.2163464,1.940553,
89,1.6700994,43.36088,1.2349273,1.964328,
90,1.6989416,43.21216,1.2590957,1.9975327,
91,1.6691018,43.36607,1.2399971,1.9577793,
92,1.6815861,43.301346,1.2441709,1.9554023,
93,1.665559,43.38452,1.2361225,1.9473716,
94,1.6569865,43.429344,1.2338169,1.9506037,
95,1.7163107,43.12381,1.2791524,2.008776,
96,1.677268,43.323677,1.2501915,1.9667969,
97,1.6687208,43.368053,1.2319777,1.9448408,
98,1.6578393,43.424877,1.2253827,1.9402577,
99,1.6454939,43.4898,1.2198615,1.938882,
100,1.6549562,43.439995,1.2252023,1.9519321,
101,1.6356146,43.542107,1.2196487,1.9250199,
102,1.6506982,43.46237,1.2243811,1.9379854,
103,1.6793063,43.313126,1.231779,1.9582216,
104,1.6709032,43.3567,1.2234039,1.9551821,
105,1.6574185,43.427082,1.2201966,1.9522494,
106,1.6895002,43.26056,1.2506467,1.9755212,
107,1.6792911,43.31321,1.2523751,1.9656255,
108,1.6453618,43.490494,1.2228969,1.9308033,
109,1.6499176,43.466484,1.2209023,1.9323181,
110,1.6346849,43.547043,1.2135286,1.9319178,
111,1.6870854,43.272987,1.2624654,1.9771173,
112,1.7299489,43.05506,1.3001817,2.0145001,
113,1.7034534,43.18912,1.2756563,1.9914931,
114,1.6567681,43.43049,1.221659,1.9327202,
115,1.6693404,43.36483,1.2322057,1.9501371,
116,1.6394986,43.521503,1.2144833,1.9359626,
117,1.7047403,43.182564,1.27773,1.9932007,
118,1.675494,43.332867,1.2518686,1.9620653,
119,1.6999533,43.206985,1.2531397,1.9764466,
120,1.6983616,43.215122,1.2447025,1.965237,
121,1.6510417,43.460564,1.2222713,1.9370767,
122,1.6822227,43.298058,1.2420578,1.9837763,
123,1.6613986,43.40625,1.2305087,1.9599413,
124,1.6403563,43.51696,1.2172765,1.9273353,
125,1.6721824,43.35005,1.2315161,1.9566551,
126,1.7076553,43.16772,1.2498487,1.9948924,
127,1.6694869,43.364067,1.2324455,1.9625223,
128,1.6524887,43.452953,1.2235302,1.9510572,
129,1.6493183,43.469635,1.2241868,1.9451575,
130,1.6612998,43.40677,1.2300571,1.9499041,
131,1.7106857,43.15232,1.2742896,2.0045118,
132,1.731368,43.04794,1.2947681,2.02283,
133,1.6573048,43.427677,1.2342157,1.9407513,
134,1.6455363,43.489574,1.2168067,1.9391248,
135,1.6609079,43.408813,1.2305956,1.9585773,
136,1.6825593,43.296318,1.2353127,1.9780096,
137,1.776271,42.825542,1.3320193,2.0675423,
138,1.7067225,43.17247,1.2788548,1.9882606,
139,1.7390687,43.00939,1.2665062,2.025769,
140,1.6551993,43.43872,1.224358,1.9393092,
141,1.7527349,42.941402,1.2714471,2.064791,
142,1.7014998,43.199085,1.2494655,1.9994891,
143,1.638612,43.526207,1.2110347,1.929006,
144,1.683983,43.288975,1.2352318,1.9664034,
145,1.6930988,43.24208,1.2508881,1.9733043,
146,1.7417173,42.996174,1.3010787,2.0341663,
147,1.6451653,43.491535,1.223579,1.9273989,
148,1.6904776,43.25554,1.2315159,1.9822497,
149,1.6664675,43.379787,1.2311718,1.9648836,
150,1.6742152,43.3395,1.2298148,1.9700625,
151,1.7801539,42.806572,1.3035702,2.0805616,
152,1.7447535,42.98104,1.3046683,2.0426283,
153,1.7830858,42.792282,1.3234786,2.0809762,
154,1.7843087,42.786327,1.2993731,2.0773695,
155,1.6659353,43.382565,1.2344996,1.9584736,
156,1.7302533,43.05353,1.2443902,2.0279188,
157,1.6901443,43.25725,1.2451136,1.9951144,
158,1.6832246,43.292885,1.2446227,1.959608,
159,1.6762224,43.32909,1.2377732,1.9645677,
160,1.660823,43.409264,1.2256751,1.9454043,
161,1.6678084,43.372803,1.2195624,1.9602584,
162,1.6560705,43.434147,1.2306471,1.9429096,
163,1.7251095,43.079395,1.2679225,1.9909471,
164,1.6701269,43.36074,1.2241534,1.9430271,
165,1.850194,42.471382,1.2974637,2.0519416,
166,1.7382203,43.01363,1.2514327,2.01557,
167,1.6869392,43.273735,1.2390158,1.9751494,
168,1.7101792,43.154892,1.2659776,1.99709,
169,1.7429911,42.989822,1.2657682,2.0285933,
170,1.8246168,42.592293,1.2832764,2.0669303,
171,1.7112353,43.149532,1.2512505,1.9882723,
172,1.7385774,43.01185,1.273362,1.98163,
173,1.6814504,43.302044,1.2342038,1.977189,
174,1.7096704,43.15748,1.2373375,1.965528,
175,1.7548759,42.930798,1.247666,1.9752675,
176,1.6728375,43.346653,1.239094,1.944948,
177,1.7511586,42.94922,1.2744596,1.9586122,
178,1.6559067,43.435013,1.2198222,1.9501834,
179,1.7200785,43.104763,1.2357229,1.9894423,
180,1.672206,43.34993,1.2275482,1.944376,
181,1.7020938,43.196053,1.2616506,1.9600337,
182,1.8568994,42.439957,1.3504813,2.0241177,
183,1.6873281,43.271736,1.2507997,1.9516677,
184,1.7687969,42.862167,1.2587805,1.9918317,
185,1.7127922,43.141632,1.2415397,1.9675515,
186,1.7320673,43.04443,1.2840221,1.9891722,
187,1.7828902,42.793236,1.3472515,2.0379832,
188,1.7131649,43.139744,1.2871281,1.9962211,
189,1.6742145,43.339504,1.2295865,1.9496622,
190,1.6772712,43.32366,1.2344444,1.9853877,
191,1.6812664,43.302994,1.232988,1.9804178,
192,1.6593277,43.417084,1.2338926,1.947455,
193,1.7095964,43.157852,1.2604833,1.9879382,
194,1.6678591,43.37254,1.2232074,1.9623466,
195,1.7585896,42.912437,1.2591475,2.0809605,
196,1.8722663,42.368374,1.3108796,2.2179463,
197,1.6879789,43.268387,1.2341378,1.994503,
198,1.8656492,42.399124,1.3773617,2.1666074,
199,1.8144786,42.64069,1.3441731,2.104522,
200,1.6765051,43.32763,1.231906,1.9740751,
201,1.7382854,43.013306,1.2676227,2.0612733,
202,1.6845703,43.285942,1.2344825,1.9966499,
203,1.7062515,43.174862,1.2653087,2.0011551,
204,1.7082671,43.16461,1.2624218,1.9949994,
205,1.6896572,43.259754,1.24381,1.9793124,
206,1.6910408,43.252644,1.2411194,1.9905728,
207,1.7127658,43.141766,1.2547923,2.0182042,
208,1.724076,43.0846,1.2603942,2.041616,
209,1.6831124,43.29346,1.2392386,1.9498215,
210,1.774807,42.832703,1.3232131,2.0533464,
211,1.7479784,42.965008,1.3154641,2.0124538,
212,1.693715,43.238922,1.2472563,1.9862894,
213,1.6935112,43.239967,1.2400413,1.9846766,
214,1.6837503,43.290173,1.2361281,1.9592711,
215,1.6733879,43.343792,1.2296288,1.9660536,
216,1.7030137,43.19136,1.2680081,1.9721514,
217,1.7309496,43.050037,1.2896373,2.022606,
218,1.6904438,43.25571,1.242238,1.9436353,
219,1.7099634,43.15599,1.254746,1.9754729,
220,1.7187233,43.111607,1.2813792,2.0142603,
221,1.7938582,42.739964,1.3325987,2.0713007,
222,1.6533861,43.44824,1.2244167,1.9431444,
223,1.6925442,43.244926,1.2445685,1.9453082,
224,1.755016,42.930103,1.2723725,1.9827799,
225,1.6812416,43.303123,1.2275685,1.9672415,
226,1.7031646,43.190594,1.2609174,1.9968728,
227,1.7569234,42.92067,1.313558,2.0090246,
228,1.6914498,43.25054,1.253192,1.9678036,
229,1.695712,43.228683,1.2401234,1.9878287,
230,1.6730615,43.34549,1.2313813,1.9612813,
231,1.6694102,43.364464,1.2254614,1.9651383,
232,1.6780118,43.319824,1.2278214,1.9803424,
233,1.6617844,43.404232,1.2368,1.9444478,
234,1.7449312,42.98016,1.2930238,2.019996,
235,1.6450173,43.492317,1.2208626,1.9407196,
236,1.7544817,42.932747,1.2838945,2.0748155,
237,1.6770957,43.32457,1.2415836,1.9829826,
238,1.6876986,43.26983,1.2432631,1.9717194,
239,1.719725,43.106544,1.2641368,1.9974115,
240,1.6875281,43.270706,1.2563454,1.983737,
241,1.7019751,43.196663,1.2615516,1.9903439,
242,1.6738539,43.341373,1.2491603,1.9681246,
243,1.7512747,42.948643,1.2858349,2.0333757,
244,1.6729337,43.346153,1.2477822,1.9583008,
245,1.7407497,43.001,1.2814034,2.0271945,
246,1.6818537,43.29996,1.2411606,1.9764225,
247,1.718609,43.112183,1.2570578,1.9829737,
248,1.7337044,43.03623,1.2786485,2.0296097,
249,1.6664054,43.38011,1.2301729,1.9652059,
250,1.712563,43.142796,1.2647556,2.034835,
251,1.6757611,43.331486,1.235192,1.9807484,
252,1.7002087,43.20568,1.2586719,1.9979448,
253,1.7426432,42.991558,1.3080056,2.042279,
254,1.7267396,43.07119,1.2968405,2.0229392,
255,1.6726309,43.347725,1.2389581,1.9652193,
256,1.6847769,43.284878,1.2459029,1.9815642,
257,1.6756907,43.33185,1.2354146,1.9732227,
258,1.652246,43.45423,1.2256298,1.9465749,
259,1.6567986,43.430332,1.221544,1.958833,
260,1.6965955,43.22416,1.2420583,2.0098336,
261,1.665666,43.383972,1.231884,1.9720267,
262,1.6568319,43.430157,1.2224535,1.9553958,
263,1.6631134,43.39729,1.228244,1.9533627,
264,1.668356,43.36995,1.2312505,1.9601476,
265,1.6586698,43.42053,1.2243615,1.9567629,
266,1.6759417,43.330544,1.2461107,1.9692789,
267,1.7122331,43.14447,1.27482,2.0109515,
268,1.660978,43.40845,1.2365084,1.9547818,
269,1.6444803,43.495155,1.2157875,1.9396693,
270,1.6611806,43.407387,1.2216002,1.9641027,
271,1.6480286,43.47643,1.2157907,1.9441681,
272,1.6668141,43.377983,1.2416173,1.9590224,
273,1.7009548,43.20187,1.2650573,1.9934773,
274,1.6625458,43.400253,1.2229791,1.9570107,
275,1.670542,43.358578,1.2276524,1.9768432,
276,1.6565305,43.431736,1.2266363,1.9526376,
277,1.6943568,43.23563,1.2554384,1.988059,
278,1.7043201,43.184704,1.2573332,2.0033395,
279,1.6709056,43.356686,1.2349923,1.9667706,
280,1.657599,43.426136,1.2229866,1.9589746,
281,1.6568465,43.43008,1.2182217,1.9595255,
282,1.6855989,43.28064,1.2497487,1.9665607,
283,1.7461435,42.97413,1.2941805,2.0253544,
284,1.6732695,43.344406,1.2299764,1.9742514,
285,1.6815963,43.301292,1.2311168,1.9867479,
286,1.657069,43.428913,1.2334954,1.9479651,
287,1.6881448,43.267532,1.2441075,1.9803358,
288,1.6871037,43.272892,1.2373726,1.9854634,
289,1.6535511,43.447376,1.2206236,1.9541202,
290,1.6618,43.404152,1.2245611,1.961158,
291,1.6803894,43.30753,1.2480308,1.9723562,
292,1.6938108,43.23843,1.2604445,1.9864721,
293,1.6826428,43.29589,1.2555672,1.9734375,
294,1.6695259,43.36386,1.2342861,1.9610583,
295,1.7140915,43.135048,1.2432747,2.0162768,
296,1.6661625,43.381382,1.2320995,1.9419771,
297,1.7255355,43.077248,1.2632196,2.0091324,
298,1.6788194,43.315643,1.2360687,1.9818349,
299,1.7062043,43.175106,1.2514229,2.025057,
300,1.6661679,43.38135,1.2292986,1.9707668,
301,1.6732724,43.34439,1.2305937,1.9728676,
302,1.7221737,43.094185,1.2709363,2.0247438,
303,1.7343531,43.032974,1.2805226,2.0396204,
304,1.670239,43.360153,1.2313523,1.9518511,
305,1.680814,43.30533,1.2382287,1.9766815,
306,1.8077596,42.672913,1.3261378,2.1060011,
307,1.7091508,43.16012,1.2711811,2.0027921,
308,1.6886826,43.264767,1.2394103,1.9938153,
309,1.7409133,43.000183,1.2728977,2.0542912,
310,1.6761503,43.329468,1.2467823,1.9711123,
311,1.846399,42.489212,1.3761319,2.1556008,
312,1.799591,42.71225,1.3265146,2.1010375,
313,1.6715902,43.353127,1.231899,1.9612151,
314,1.6661252,43.381573,1.2287052,1.9693604,
315,1.7565154,42.922688,1.2685531,2.0663602,
316,1.7275233,43.067245,1.269769,1.9991263,
317,1.7747738,42.832867,1.3059882,2.0577106,
318,1.6603304,43.411835,1.2275974,1.9498163,
319,1.685253,43.282425,1.2385261,1.9885191,
320,1.6968689,43.222763,1.2457024,1.9746507,
321,1.7129383,43.140892,1.2635177,2.0010767,
322,1.6586863,43.42044,1.2251712,1.9424473,
323,1.6766912,43.326664,1.2316592,1.9808104,
324,1.6843902,43.286873,1.2280246,1.9917264,
325,1.6602502,43.412254,1.2147077,1.9483631,
326,1.6961492,43.226448,1.2606605,1.9904584,
327,1.7182285,43.11411,1.2823268,2.0107274,
328,1.6943711,43.235554,1.2388446,1.9954107,
329,1.6811055,43.30383,1.2319233,1.9879619,
330,1.6522064,43.45444,1.2207121,1.9542848,
331,1.6813626,43.302498,1.239377,1.9850179,
332,1.708158,43.165165,1.2729741,2.0074215,
333,1.690409,43.25589,1.2496632,1.9934896,
334,1.6449183,43.492836,1.2169511,1.9449196,
335,1.6757439,43.33157,1.2327327,1.9840769,
336,1.7056605,43.177876,1.2543436,2.0112805,
337,1.6423602,43.50636,1.2163296,1.930837,
338,1.6797154,43.311012,1.2347058,1.9726775,
339,1.6534945,43.44767,1.2296307,1.9448838,
340,1.6777354,43.32126,1.2350571,1.9815739,
341,1.6385293,43.52664,1.2141678,1.9267186,
342,1.6914228,43.250687,1.2448096,1.982872,
343,1.6534177,43.448074,1.2231442,1.9474769,
344,1.7257476,43.07618,1.287348,2.0181327,
345,1.7346059,43.03171,1.3032491,2.020498,
346,1.6869882,43.273487,1.236122,1.9479357,
347,1.7157025,43.12689,1.2690035,1.9769704,
348,1.705051,43.18098,1.2557011,1.9978329,
349,1.8117305,42.653854,1.3463396,2.0608983,
350,1.7189869,43.110275,1.257244,1.9788543,
351,1.7981975,42.71898,1.2815511,1.9998482,
352,1.7339063,43.03521,1.2721032,2.0005293,
353,1.8310844,42.56156,1.3234413,2.0316072,
354,1.7332305,43.0386,1.2590293,1.9622228,
355,1.7746313,42.83356,1.2723376,1.9891086,
356,1.7996914,42.71176,1.343354,2.0714607,
357,1.770792,42.85237,1.3109326,2.0303361,
358,1.7243155,43.08339,1.2692114,1.995495,
359,1.7582815,42.913956,1.2893823,1.9918522,
360,1.8607877,42.42179,1.4095813,2.106777,
361,1.7111266,43.15008,1.2797512,1.9890304,
362,1.8417206,42.511253,1.3392593,2.0222049,
363,1.655752,43.43582,1.229222,1.942509,
364,1.8982539,42.248642,1.414809,2.0836947,
365,1.7049346,43.181572,1.265769,1.9706286,
366,1.6913242,43.25119,1.2305604,1.9650192,
367,1.6658195,43.38317,1.2299459,1.9397633,
368,1.6819037,43.299706,1.2301133,1.967787,
369,1.7417598,42.995964,1.2923951,1.9845456,
370,1.6887233,43.264557,1.2641546,1.9540955,
371,1.6776109,43.3219,1.2315661,1.9555547,
372,1.6793909,43.31269,1.2290317,1.9372579,
373,1.6973721,43.220184,1.2309994,1.9715112,
374,1.7064189,43.174015,1.2517047,2.0084198,
375,1.719983,43.105244,1.2902306,1.995735,
376,1.7846277,42.78477,1.2965422,2.0591917,
377,1.6905131,43.255352,1.2377267,1.950854,
378,1.7328964,43.040276,1.2446498,2.04391,
379,1.6888877,43.26371,1.233052,2.0032556,
380,1.6691743,43.365692,1.2364501,1.9551346,
381,1.7012306,43.200462,1.246885,1.9769915,
382,1.663754,43.393944,1.224974,1.9613434,
383,1.6615069,43.405685,1.2189159,1.9454154,
384,1.6383026,43.52784,1.2105035,1.9394549,
385,1.7104872,43.153328,1.2392557,1.9622123,
386,1.7258033,43.0759,1.2579162,2.0152972,
387,1.6623693,43.401176,1.2190046,1.9531242,
388,1.6956662,43.228916,1.2380595,1.9756228,
389,1.7202451,43.10392,1.252569,1.9994012,
390,1.7150792,43.130043,1.261676,1.9844867,
391,1.7100376,43.155613,1.2492002,1.9716785,
392,1.6578242,43.424953,1.2228602,1.9551021,
393,1.6590364,43.41861,1.2190117,1.9474397,
394,1.6779374,43.320213,1.2355436,1.9670755,
395,1.7119048,43.146133,1.2487538,1.9955212,
396,1.7563556,42.923477,1.25589,2.0234141,
397,1.8733848,42.363186,1.2870837,2.1075351,
398,1.7727666,42.842693,1.2616458,2.0067236,
399,1.7065423,43.173386,1.2401131,1.9800218,
400,1.9002004,42.23974,1.268756,2.108429,
401,1.674504,43.338005,1.2456045,1.9647623,
402,1.8293161,42.569954,1.3061843,2.0529196,
403,1.7261902,43.073956,1.2563984,2.0063019,
404,1.8000959,42.709812,1.2624112,2.0390964,
405,1.7721736,42.845604,1.2536553,2.0582612,
406,1.719185,43.109276,1.250529,1.972115,
407,1.7949588,42.73464,1.28398,2.0391684,
408,1.7209922,43.100147,1.2396883,1.979538,
409,1.7752091,42.830734,1.2665074,2.0606844,
410,1.8691131,42.38301,1.3214964,2.1859367,
411,1.7232296,43.08886,1.2610004,1.987483,
412,1.7355831,43.026817,1.2621669,2.041012,
413,1.738732,43.011074,1.2501636,2.0314476,
414,1.7172132,43.119244,1.2353452,1.9958109,
415,1.6700091,43.36135,1.2317353,1.9753175,
416,1.7143153,43.13391,1.235288,1.9959211,
417,1.7890992,42.76304,1.3142523,2.096247,
418,1.7428625,42.990463,1.3074539,2.032942,
419,1.691754,43.24898,1.2468284,1.9813809,
420,1.6764188,43.328075,1.2348369,1.9522357,
421,1.8700944,42.378456,1.3521478,2.1900704,
422,2.0369942,41.63593,1.4706273,2.352879,
423,1.8270239,42.58084,1.3561859,2.1065972,
424,1.8228302,42.600803,1.3268026,2.1252573,
425,1.693072,43.242218,1.2496468,1.9937105,
426,1.966559,41.941586,1.4097533,2.2833853,
427,1.8083017,42.670307,1.3117735,2.118061,
428,1.7625588,42.892853,1.2687234,2.060172,
429,1.8255731,42.58774,1.2939824,2.1223247,
430,1.7768812,42.822556,1.2897933,2.0990212,
431,2.0311315,41.660965,1.4256763,2.3882585,
432,1.6829747,43.294174,1.2353784,1.9766761,
433,1.7426511,42.99152,1.267926,1.9964527,
434,1.9005477,42.23815,1.349321,2.122269,
435,1.687301,43.271873,1.2461138,1.970294,
436,1.7341185,43.034153,1.25719,2.015478,
437,1.7990406,42.714905,1.2845957,2.0908878,
438,1.6531801,43.44932,1.2194844,1.940949,
439,1.8232399,42.598846,1.2946005,2.0756776,
440,1.8610555,42.42054,1.3158101,2.131553,
441,1.6840917,43.288414,1.236156,1.9862546,
442,1.7258428,43.0757,1.2508128,2.008906,
443,1.7237787,43.086094,1.2511895,2.036031,
444,1.677933,43.320236,1.2325978,1.9810959,
445,1.6741126,43.340034,1.2286057,1.9497936,
446,1.7006094,43.203636,1.2512791,1.9923155,
447,1.6966113,43.224075,1.2496744,1.9975982,
448,1.6889353,43.263466,1.2380383,1.9894627,
449,1.655948,43.43479,1.2248774,1.94544,
450,1.6902418,43.256752,1.2393392,1.9769106,
451,1.654664,43.44153,1.2232606,1.9497352,
452,1.696666,43.2238,1.2390893,1.9919277,
453,1.6931036,43.242054,1.2394533,1.9943132,
454,1.6838027,43.2899,1.2424495,1.9640415,
455,1.6622343,43.40188,1.2318099,1.9586536,
456,1.6515685,43.457794,1.2252852,1.9301788,
457,1.6677771,43.372963,1.2321364,1.9532106,
458,1.715349,43.128677,1.2466357,1.981862,
459,1.6953092,43.230747,1.258571,1.9700345,
460,1.6576315,43.425964,1.2220653,1.9433979,
461,1.6806375,43.306244,1.2366786,1.9764833,
462,1.7130266,43.140446,1.2568319,2.0271728,
463,1.654196,43.443985,1.2279884,1.9489638,
464,1.7294843,43.057396,1.2740275,2.0040743,
465,1.7293999,43.05782,1.2799312,2.030999,
466,1.84758,42.483658,1.3357756,2.1409922,
467,1.6893569,43.2613,1.2394365,1.9739673,
468,1.7576228,42.917213,1.2835464,1.9891766,
469,1.7655448,42.87815,1.2847582,2.044523,
470,1.7441908,42.98385,1.270028,2.052767,
471,1.7737253,42.838,1.2847191,2.0695724,
472,1.7022784,43.195114,1.2569319,1.9882512,
473,1.757136,42.919617,1.2894979,2.0356264,
474,1.7668186,42.871887,1.3121197,2.053861,
475,1.7821109,42.79703,1.2985383,2.031931,
476,1.703891,43.18689,1.2500112,2.0052423,
477,1.8076526,42.673424,1.2868949,1.9885497,
478,1.7021191,43.195923,1.2504199,1.9927192,
479,1.7543668,42.933315,1.3089864,2.0053682,
480,1.701922,43.19693,1.2433722,2.0001962,
481,1.7258936,43.075447,1.2500641,1.963463,
482,1.7024966,43.194,1.2485723,2.0035818,
483,1.7836689,42.78944,1.2810706,2.073418,
484,1.7061105,43.175583,1.239182,1.9945364,
485,1.7596623,42.90714,1.272659,2.009298,
486,1.7103709,43.15392,1.2813072,1.9955485,
487,1.7686933,42.86267,1.3151973,2.030056,
488,1.7434686,42.987442,1.2706268,1.9923271,
489,1.7593379,42.90874,1.2738328,1.9833477,
490,1.9213268,42.143703,1.3839649,2.0636501,
491,1.76741,42.86898,1.2825083,2.029941,
492,1.9619642,41.961903,1.3888341,2.005252,
493,2.1936655,40.992317,1.4975221,2.1134937,
494,1.8144555,42.6408,1.3309788,2.0358229,
495,2.7121222,39.14954,1.8727802,2.4570312,
496,2.3827705,40.274082,1.6100106,2.0606344,
497,2.8740957,38.6457,1.9447529,2.3793852,
498,2.4512858,40.027847,1.6857197,2.1377735,
499,1.955161,41.992077,1.385566,2.2924995,
500,2.312722,40.533257,1.4135665,2.2292657,
501,1.9055076,42.215515,1.3069644,2.2077253,
502,2.1940262,40.99089,1.3913015,2.1761324,
503,2.4373157,40.07749,1.4121406,2.6142862,
504,2.3282833,40.475006,1.3741603,2.348016,
505,2.2317426,40.842842,1.3637251,2.3304117,
506,2.418417,40.145103,1.4124862,2.3376877,
507,1.816581,42.63063,1.2647929,2.1134005,
508,2.8977103,38.574623,1.5243161,2.8993912,
509,2.1095166,41.33207,1.3144076,2.2451174,
510,2.1286356,41.2537,1.3311571,2.2597215,
511,1.6948003,43.233356,1.2364506,1.9584116,
512,2.10499,41.350727,1.3177328,2.2825015,
513,1.765816,42.876816,1.2493781,2.0463645,
514,1.9739629,41.908947,1.2963209,2.151177,
515,1.9694201,41.92896,1.2958863,2.1724317,
516,1.8679013,42.38865,1.2756822,2.103238,
517,2.9503436,38.41827,1.571409,2.9925475,
518,2.3079252,40.551292,1.39638,2.49159,
519,1.9003149,42.239212,1.2714707,2.074958,
520,2.183501,41.032658,1.3578112,2.3213923,
521,1.790942,42.754097,1.2738532,2.057381,
522,1.8533436,42.456608,1.2774149,2.1409338,
523,1.7053525,43.17944,1.2441505,1.9905053,
524,1.9704481,41.924423,1.3141626,2.1587462,
525,1.8428627,42.505867,1.3533486,2.129882,
526,2.0451245,41.60133,1.4311831,2.266722,
527,1.7333026,43.03824,1.2752237,2.0292697,
528,2.0290508,41.66987,1.3874363,2.276507,
529,1.7081584,43.165165,1.2483969,1.9765673,
530,2.1226068,41.278336,1.439721,2.3229682,
531,2.1975665,40.976887,1.4997715,2.46585,
532,1.7812742,42.80111,1.2655694,2.0245893,
533,2.1903841,41.00532,1.497035,2.4320626,
534,1.9229859,42.1362,1.3817964,2.2435348,
535,1.9571996,41.983025,1.3730135,2.2078044,
536,2.093311,41.399048,1.5247211,2.4614751,
537,1.7902613,42.757397,1.2940688,2.0807877,
538,2.0400622,41.622856,1.4241755,2.368569,
539,2.0116029,41.74488,1.4223067,2.339195,
540,1.8543181,42.45204,1.2965366,2.0988293,
541,1.8546917,42.45029,1.3602983,2.1640716,
542,1.8277081,42.57759,1.3332889,2.1111846,
543,1.7983283,42.71835,1.2561615,1.9803739,
544,1.8911066,42.281403,1.3082398,2.0970955,
545,1.7537961,42.936142,1.2767746,2.066362,
546,1.8299156,42.567104,1.3346249,2.049213,
547,1.8519698,42.46305,1.3448515,2.1430805,
548,1.8169652,42.62879,1.2999071,2.0838077,
549,1.7502881,42.953533,1.2514746,2.0488107,
550,1.7285129,43.06227,1.26064,2.0270095,
551,1.6947069,43.233833,1.2464828,1.9703972,
552,1.6965433,43.224426,1.2446337,1.9922863,
553,1.7240896,43.08453,1.2478471,2.001092,
554,1.7473204,42.968273,1.2616248,2.0394068,
555,1.7404983,43.00225,1.2596993,2.0352533,
556,1.7536489,42.936874,1.266865,2.0374098,
557,1.711236,43.14953,1.2771605,1.9950656,
558,1.7641472,42.885033,1.2734236,2.051144,
559,1.6781133,43.3193,1.227292,1.9785007,
560,1.6617683,43.404316,1.2254483,1.9618641,
561,1.721416,43.09801,1.2510269,2.0249887,
562,1.6589708,43.418953,1.2230861,1.9552513,
563,1.7637738,42.886868,1.2695706,2.074561,
564,1.7035149,43.188805,1.2460898,1.99391,
565,1.6804758,43.30708,1.2367713,1.9636713,
566,1.6675663,43.374065,1.2302213,1.9567136,
567,1.7020222,43.19642,1.2528192,2.0007403,
568,1.7121439,43.14492,1.252976,2.0164154,
569,1.7142355,43.134315,1.2519623,2.0098135,
570,1.6844025,43.28681,1.2346815,1.9736314,
571,1.6548177,43.440723,1.231556,1.943926,
572,1.6735674,43.34286,1.2465911,1.9487437,
573,1.6627544,43.399162,1.2353929,1.9547448,
574,1.7047509,43.182507,1.234733,1.9390501,
575,1.694985,43.232407,1.2398899,1.9707817,
576,1.7206252,43.102,1.2655811,1.9869583,
577,1.7095098,43.158295,1.2670238,1.9672132,
578,1.7510695,42.949657,1.2910296,2.0371048,
579,1.6984664,43.21459,1.2372137,1.9514947,
580,1.6700844,43.36096,1.2280068,1.9553565,
581,1.7264411,43.072693,1.2715747,2.0072243,
582,1.730636,43.05161,1.2738407,1.9912381,
583,1.6558346,43.435387,1.2287923,1.9409574,
584,1.7519217,42.945435,1.2598647,1.9619749,
585,1.6646177,43.389435,1.222515,1.9613727,
586,1.8128977,42.64826,1.3328658,2.0442383,
587,1.6812924,43.30286,1.2305632,1.9662396,
588,1.7632077,42.889656,1.2797567,1.958921,
589,1.6613603,43.40645,1.2223643,1.9682846,
590,1.8223215,42.603226,1.3362124,2.0351205,
591,1.6731527,43.345013,1.2508872,1.9568034,
592,1.7453182,42.978233,1.2611508,1.9813592,
593,1.7465748,42.971985,1.2556193,1.9660233,
594,1.6598469,43.414364,1.2271621,1.9567572,
595,1.7094175,43.158764,1.2484052,1.9578489,
596,1.6776711,43.32159,1.2357656,1.9422766,
597,1.7503543,42.953205,1.2634094,1.9611844,
598,1.6759769,43.330364,1.2353214,1.9595224,
599,1.6539303,43.44538,1.2188559,1.9280157,
600,1.6762805,43.32879,1.2309283,1.9596717,
601,1.7259144,43.07534,1.2353276,1.9292321,
602,1.7856625,42.779736,1.2580061,2.0063667,
603,1.6693324,43.36487,1.2388911,1.9322114,
604,1.7057874,43.177227,1.2451895,1.9681078,
605,1.7521656,42.94422,1.2482696,1.941849,
606,1.9671415,41.939014,1.3092269,2.0234933,
607,2.2103841,40.92637,1.3931752,2.176063,
608,1.6678723,43.372467,1.2373737,1.94815,
609,2.222427,40.879173,1.4279901,2.1087232,
610,1.9508569,42.01122,1.3237249,2.0942338,
611,1.7019367,43.19686,1.2432742,1.9874475,
612,1.9171025,42.16282,1.2860256,2.0849528,
613,2.2264566,40.863438,1.4057064,2.3960917,
614,1.7573,42.918808,1.2781918,2.0254517,
615,2.184591,41.028324,1.4255592,2.2306292,
616,3.0465202,38.139645,1.7558343,2.8179939,
617,2.0494263,41.58308,1.3421345,2.1422796,
618,3.6306288,36.61609,1.9385626,3.3279173,
619,3.7462568,36.343773,1.9986769,3.5528686,
620,3.4396193,37.085518,1.9067345,2.7445567,
621,5.5887637,32.869408,2.860892,4.2719913,
622,2.404762,40.194283,1.5446631,2.706241,
623,3.696788,36.459232,1.9887351,2.8730288,
624,3.75211,36.33021,2.027495,3.7054145,
625,2.4673383,39.971153,1.6670787,2.5465403,
626,3.479717,36.984844,1.8680241,2.8733969,
627,2.4171693,40.149582,1.6219213,2.7175953,
628,3.0274916,38.194065,1.6922474,2.548216,
629,2.9709096,38.357933,1.7046641,3.2453897,
630,3.377322,37.244274,2.136891,3.8468864,
631,2.832873,38.77118,1.9256907,3.1103806,
632,2.4145515,40.158997,1.6044567,2.7212987,
633,2.4728093,39.951912,1.7065283,2.808423,
634,2.499672,39.858063,1.7469794,2.9008684,
635,2.0969763,41.383858,1.4339641,2.4108882,
636,2.4806144,39.924538,1.7338209,2.8226955,
637,2.2323358,40.840534,1.6183631,2.541753,
638,2.0638633,41.522106,1.4607536,2.3238935,
639,2.4245303,40.123173,1.7261194,2.8307989,
640,1.8930656,42.272415,1.3899003,2.2403638,
641,2.3790698,40.287582,1.6846088,2.754801,
642,2.0071874,41.76397,1.4568764,2.3029928,
643,2.7366152,39.07145,2.0088031,3.059251,
644,2.4970002,39.867355,1.8605099,2.8020122,
645,1.8610443,42.420593,1.3497052,2.1912508,
646,2.3366141,40.443985,1.7377638,2.7661312,
647,2.1293807,41.250656,1.570096,2.5325098,
648,2.0218089,41.700928,1.4410818,2.3923361,
649,1.9303565,42.102974,1.3959618,2.223557,
650,2.1099122,41.330437,1.5636762,2.4290779,
651,2.0449302,41.602158,1.4844232,2.341676,
652,1.8175592,42.625957,1.3123745,2.1213734,
653,1.9406121,42.056953,1.3820369,2.2808242,
654,1.8137836,42.644012,1.318912,2.1147711,
655,1.881019,42.32786,1.3431165,2.1971579,
656,1.8340597,42.547455,1.3602328,2.1341305,
657,1.946807,42.029266,1.4335166,2.2403882,
658,1.7818162,42.798466,1.2954812,2.0961797,
659,1.778155,42.816334,1.2935292,2.0778775,
660,1.8276079,42.578068,1.3047361,2.1382556,
661,1.7769879,42.822037,1.2676812,2.0877662,
662,1.7987471,42.716328,1.3226146,2.1026394,
663,2.0387154,41.628593,1.472569,2.3607056,
664,1.699412,43.209755,1.2524064,1.9971404,
665,1.8985404,42.24733,1.3690007,2.2316275,
666,1.7348218,43.03063,1.2579664,2.0361898,
667,1.8130515,42.647522,1.3347569,2.1206088,
668,1.939665,42.06119,1.4360571,2.264713,
669,1.6728165,43.346756,1.2404647,1.9610718,
670,1.8348341,42.54379,1.3141575,2.148378,
671,1.7617363,42.89691,1.285395,2.0745103,
672,1.7168412,43.121124,1.2525369,2.0041811,
673,1.9249241,42.127453,1.3705384,2.231383,
674,1.8660297,42.397354,1.3423935,2.1748738,
675,1.645104,43.49186,1.2196769,1.9396119,
676,1.7588931,42.91094,1.2700382,2.052435,
677,1.6970236,43.22197,1.2491101,1.9801333,
678,1.7632848,42.889275,1.3008711,2.0520978,
679,1.7527016,42.941566,1.2709666,2.0323694,
680,1.6957703,43.228386,1.243228,1.999501,
681,1.7240001,43.08498,1.2512323,2.009811,
682,1.7348366,43.030552,1.2834301,2.032052,
683,1.8471178,42.485832,1.2951884,2.1006136,
684,1.6932833,43.241135,1.2407368,1.9858211,
685,1.7651328,42.880177,1.2660935,2.0482912,
686,1.8130659,42.647453,1.276897,2.07471,
687,1.6715676,43.35325,1.2358062,1.9748461,
688,1.8253852,42.588634,1.297589,2.129097,
689,2.0506144,41.578045,1.3828005,2.342614,
690,1.6864704,43.276154,1.2481675,1.9795642,
691,1.857041,42.439293,1.3080302,2.1534808,
692,1.9219595,42.140842,1.3280294,2.2221832,
693,1.727207,43.06884,1.2582929,2.0331924,
694,2.0854712,41.43164,1.4364545,2.3875122,
695,1.8901623,42.285744,1.33012,2.1653774,
696,1.7482167,42.96382,1.2645931,2.0521777,
697,1.8591187,42.429585,1.305867,2.1486113,
698,1.7149543,43.130676,1.2697554,2.0016603,
699,2.2380538,40.818314,1.5455766,2.561754,
700,1.7838235,42.78869,1.2849045,2.064311,
701,1.8054298,42.684113,1.3066483,2.1189506,
702,1.8024437,42.698494,1.2874614,2.0983818,
703,1.6999117,43.2072,1.2383121,1.9817067,
704,1.7460887,42.9744,1.2613251,2.042489,
705,1.8685622,42.385574,1.2990403,2.1273658,
706,1.6908997,43.25337,1.2426126,1.9660856,
707,1.7233411,43.088303,1.2641301,2.0300345,
708,1.6908877,43.253433,1.2562891,1.9601223,
709,1.7639555,42.885975,1.3116701,2.0621896,
710,1.7425078,42.99223,1.2722944,1.9984441,
711,1.6881434,43.26754,1.2360841,1.9634428,
712,1.6967016,43.223614,1.2419828,1.9954495,
713,1.6798027,43.310562,1.2514145,1.9620354,
714,1.7361176,43.024143,1.2915021,2.032502,
715,1.6913902,43.25085,1.2479312,1.9692512,
716,1.7202526,43.10388,1.2535219,1.9849297,
717,1.6774204,43.322887,1.2341816,1.955447,
718,1.6826129,43.296043,1.2367493,1.9886237,
719,1.6657403,43.38358,1.2294835,1.9616383,
720,1.6688749,43.367252,1.2350819,1.9618006,
721,1.6966205,43.224033,1.2410166,1.9685372,
722,1.6748005,43.336464,1.2290121,1.9788903,
723,1.7423238,42.99315,1.2619718,2.0390894,
724,1.804582,42.688194,1.2995294,2.0868268,
725,1.7088523,43.161636,1.2642416,2.001579,
726,1.7922837,42.747593,1.2919976,2.0160933,
727,1.7717773,42.84754,1.2829763,2.0118852,
728,1.6987094,43.213345,1.2523806,1.9689876,
729,1.7933165,42.742584,1.3028883,2.0237412,
730,1.698133,43.21629,1.2567167,1.9936948,
731,1.7843739,42.786007,1.2859199,2.0119567,
732,1.7268202,43.070786,1.2727445,2.0067794,
733,1.8075325,42.674004,1.3215859,2.0197763,
734,1.7415603,42.996956,1.2759538,2.0160663,
735,1.6906917,43.254436,1.2459264,1.9807552,
736,1.6975904,43.21907,1.2447706,1.9506004,
737,1.6923527,43.245907,1.2587012,1.9855901,
738,1.7566427,42.92206,1.2990768,2.017452,
739,1.6782674,43.318504,1.2525682,1.9595487,
740,1.6727798,43.346947,1.2335708,1.9688948,
741,1.7059191,43.176556,1.2496384,1.9730409,
742,1.662836,43.39874,1.225785,1.9590927,
743,1.7287898,43.06088,1.289999,1.9865689,
744,1.6733254,43.344116,1.2499378,1.965484,
745,1.7109811,43.15082,1.2551625,1.9872372,
746,1.7355237,43.027115,1.2695848,1.9688014,
747,1.8197386,42.615547,1.3287398,2.093225,
748,1.7176511,43.117027,1.2915541,1.9991536,
749,1.7722597,42.845177,1.2846863,2.0112562,
750,1.7801999,42.80635,1.2894585,2.0106308,
751,1.9081551,42.203453,1.3765537,2.139359,
752,1.9333149,42.089672,1.3771106,2.2118504,
753,1.761333,42.8989,1.2692443,2.0861456,
754,1.744134,42.984127,1.2661858,1.9530505,
755,1.9183123,42.15734,1.3656796,2.0991204,
756,1.6687782,43.367752,1.2335612,1.9556086,
757,1.9192418,42.153133,1.3770058,2.1149569,
758,1.663026,43.397747,1.2290448,1.9641916,
759,1.8767879,42.34742,1.3292174,2.0249643,
760,1.7147125,43.1319,1.261441,1.9816961,
761,1.740794,43.00078,1.2987288,1.9985359,
762,1.6970233,43.22197,1.2620871,1.9798758,
763,1.6851876,43.28276,1.2382331,1.9689932,
764,1.6944902,43.234943,1.2363707,1.9360785,
765,1.6776861,43.321514,1.2468151,1.974099,
766,1.6969396,43.222397,1.2656078,1.9740819,
767,1.6576891,43.425667,1.2349565,1.9519391,
768,1.6778606,43.32061,1.2366529,1.9457021,
769,1.7705666,42.853477,1.2958946,1.9971699,
770,1.6312231,43.56546,1.2156833,1.9242477,
771,1.7315283,43.047134,1.2968254,1.9958601,
772,1.6512104,43.45968,1.2306274,1.9450281,
773,1.6899345,43.258327,1.2363609,1.9421699,
774,1.6943761,43.23553,1.2343675,1.959006,
775,1.6731398,43.345078,1.2410243,1.9592905,
776,1.7817321,42.798878,1.3097299,2.001839,
777,1.663815,43.393627,1.2417464,1.9469395,
778,1.7583762,42.91349,1.2681043,1.9419146,
779,1.8169113,42.62905,1.2936305,1.9813596,
780,1.6681296,43.371128,1.2349547,1.9692681,
781,1.8109018,42.65783,1.3405985,1.9959327,
782,1.6895434,43.26034,1.2566129,1.9572641,
783,1.7162243,43.124245,1.2518766,1.9351932,
784,1.8425565,42.50731,1.3021281,1.9595913,
785,1.7328006,43.040752,1.249619,1.9989786,
786,1.8449326,42.496117,1.3698833,2.019319,
787,2.310615,40.541172,1.6498035,2.1917372,
788,1.719243,43.10898,1.2813994,1.986986,
789,1.9542543,41.9961,1.3692884,1.9989057,
790,1.9923621,41.82836,1.3672714,2.0723236,
791,1.7314957,43.0473,1.2690274,2.031401,
792,1.9594042,41.973244,1.4037637,2.0395555,
793,1.7261194,43.074306,1.2562134,2.009014,
794,1.8648996,42.402615,1.3323241,2.027932,
795,2.2972834,40.591434,1.5575364,2.1482415,
796,1.7279929,43.064884,1.2473636,2.0072012,
797,2.3551176,40.375473,1.6699367,2.3140492,
798,2.0300996,41.66538,1.4619548,2.0797975,
799,1.8958205,42.259785,1.3477439,2.1183631,
800,2.189693,41.008064,1.511486,2.1509945,
801,1.7686718,42.86278,1.2779886,2.0804453,
802,2.2081676,40.93509,1.557281,2.2984076,
803,1.6739347,43.340954,1.2350454,1.960624,
804,2.3012533,40.576435,1.5874621,2.3973832,
805,1.6913391,43.251114,1.2686567,1.9768084,
806,2.2445967,40.792957,1.6238207,2.4050102,
807,1.7127101,43.142048,1.2609003,1.9966521,
808,1.9604588,41.96857,1.4085373,2.1218555,
809,2.4376917,40.07615,1.6861575,2.4728444,
810,1.7167393,43.12164,1.2506601,1.96336,
811,2.2565534,40.74681,1.6046779,2.4505494,
812,2.9322958,38.47157,2.012611,2.9562328,
813,1.8450323,42.495647,1.3337964,2.0150464,
814,3.5962906,36.698627,2.404825,3.371887,
815,3.7415268,36.354744,2.4904208,3.5626493,
816,1.6811695,43.303493,1.2431318,1.9767203,
817,3.8342032,36.14222,2.6296191,3.546809,
818,1.8166835,42.63014,1.2953411,2.061483,
819,3.5169547,36.892387,2.3552668,3.1460853,
820,2.1934779,40.99306,1.5327764,2.4206462,
821,2.528955,39.756905,1.7766519,2.345778,
822,4.797799,34.19488,3.2479148,3.7793114,
823,2.2361636,40.825653,1.6131756,2.4199421,
824,3.3823316,37.2314,2.2150776,2.7440612,
825,3.1169884,37.94102,2.1043892,2.966161,
826,1.9160775,42.167465,1.3528485,1.9649352,
827,2.715547,39.138577,1.8565238,2.5699642,
828,2.2022312,40.958466,1.4846399,2.5616848,
829,2.0218675,41.700672,1.3482406,2.0940318,
830,2.3720412,40.313282,1.6083764,2.1747959,
831,1.9294454,42.10708,1.3656168,2.119656,
832,3.1812813,37.76368,2.0981731,2.4051828,
833,2.406134,40.189327,1.736724,2.2418091,
834,2.0287104,41.671326,1.3365526,2.193824,
835,3.4781837,36.988674,1.9915266,2.6420002,
836,3.1000173,37.98844,1.9031461,2.4905632,
837,1.7780854,42.816673,1.2649797,2.0005403,
838,3.195998,37.723595,1.9227093,2.2800221,
839,2.3257806,40.48435,1.6297684,2.1661592,
840,2.087708,41.42233,1.3150489,2.1057203,
841,2.7297065,39.093407,1.6867986,2.2480817,
842,1.9130967,42.180984,1.4043988,2.1436543,
843,2.0510213,41.576324,1.3346545,2.0242195,
844,2.3040004,40.56607,1.5977107,2.1544013,
845,1.9963428,41.811024,1.5165046,2.2378955,
846,2.0979946,41.37964,1.3661102,2.0447993,
847,2.6208055,39.44703,1.7338967,2.4072363,
848,1.830193,42.56579,1.332497,2.1336842,
849,2.1388474,41.212128,1.455418,2.0488522,
850,2.0431435,41.60975,1.5329082,2.2852778,
851,2.039203,41.626514,1.4729624,2.3544734,
852,1.9720138,41.91753,1.3361514,2.0528002,
853,2.1736395,41.071976,1.4794528,2.1654153,
854,1.9946989,41.81818,1.4296645,2.217775,
855,1.8513955,42.465744,1.3242295,2.069295,
856,1.8457876,42.49209,1.3560265,2.0639799,
857,2.1322575,41.238934,1.5865037,2.3937638,
858,1.8049738,42.68631,1.3417802,2.0932295,
859,1.8468542,42.487072,1.326672,2.0639718,
860,1.9217261,42.141895,1.3869765,2.2261143,
861,1.7024,43.194496,1.264056,1.9539999,
862,2.0112004,41.746616,1.5144064,2.2443416,
863,1.6641153,43.39206,1.234679,1.9555602,
864,1.8488067,42.477894,1.3491338,2.1030362,
865,1.8748035,42.35661,1.3485273,2.154521,
866,1.6927296,43.243977,1.2413669,1.9918842,
867,1.8303353,42.565113,1.3675796,2.1023417,
868,1.7560349,42.925064,1.3022861,2.0538044,
869,1.6798217,43.310463,1.2373326,1.9832568,
870,1.7081355,43.16528,1.2636092,1.9912918,
871,1.7110131,43.150658,1.2484875,2.0097938,
872,1.7282554,43.06357,1.2770001,2.0345151,
873,1.7764282,42.824776,1.3386286,2.0739996,
874,1.7327272,43.041122,1.2945578,2.0221605,
875,1.6905915,43.25495,1.2445453,1.9693906,
876,1.698527,43.21428,1.2477485,1.9985825,
877,1.7198534,43.105896,1.2569796,2.0252228,
878,1.7192365,43.109013,1.2598166,2.0231087,
879,1.6705259,43.358658,1.2356552,1.9665155,
880,1.6637311,43.394066,1.2317346,1.9531645,
881,1.6695694,43.36364,1.2346396,1.961521,
882,1.6566525,43.431095,1.2264041,1.9584678,
883,1.68541,43.281612,1.2256585,1.992604,
884,1.7976816,42.721474,1.2672659,2.1225784,
885,1.7139273,43.135876,1.2463439,2.0204923,
886,1.6874323,43.2712,1.2474679,1.984449,
887,1.7943232,42.737713,1.2953691,2.105448,
888,1.6669494,43.377274,1.2302214,1.9619166,
889,1.7655065,42.87834,1.2667968,2.0771484,
890,1.824859,42.591137,1.2922542,2.1513832,
891,1.6593679,43.41687,1.2301848,1.9555441,
892,1.7327311,43.0411,1.2595028,2.0380857,
893,1.689283,43.261677,1.2397722,1.9908888,
894,1.6839951,43.28891,1.2418154,1.9787552,
895,1.7323167,43.04318,1.254639,2.0326927,
896,1.690265,43.25663,1.2326245,1.9860357,
897,1.6649716,43.38759,1.2287917,1.9548625,
898,1.6778564,43.320633,1.2420831,1.9701713,
899,1.6939231,43.237854,1.2481718,1.9961842,
900,1.6597865,43.414684,1.2343154,1.9567612,
901,1.6857942,43.279633,1.24969,1.9837843,
902,1.6904066,43.2559,1.2478467,1.9868426,
903,1.6884766,43.265823,1.252919,1.9768872,
904,1.7334654,43.037422,1.2808806,2.0281732,
905,1.7353327,43.028072,1.2695316,2.0367138,
906,1.6754273,43.333214,1.2405518,1.9677019,
907,1.7918354,42.749763,1.297219,2.110509,
908,1.6387361,43.525543,1.2170365,1.9324795,
909,1.7246801,43.081554,1.2643191,2.038574,
910,1.6792697,43.313316,1.2522393,1.9773632,
911,1.681701,43.30075,1.2549574,1.9695324,
912,1.6563681,43.432587,1.2271911,1.9556465,
913,1.704387,43.18436,1.2475467,2.0131109,
914,1.6674427,43.37471,1.2293069,1.9685928,
915,1.6365077,43.537365,1.2143648,1.9339056,
916,1.6863004,43.277023,1.2711309,1.9762667,
917,1.6786546,43.316498,1.2622439,1.9621259,
918,1.6833276,43.292355,1.2514237,1.9719692,
919,1.6711512,43.35541,1.2325673,1.9648672,
920,1.6724974,43.34842,1.2280072,1.9653705,
921,1.7259896,43.07496,1.2564468,2.0290015,
922,1.6519634,43.45572,1.2153542,1.948683,
923,1.6789156,43.315147,1.224676,1.9900713,
924,1.7157611,43.126587,1.2504678,2.029818,
925,1.6319203,43.561745,1.2158543,1.9302964,
926,1.6590396,43.418587,1.2260219,1.9560201,
927,1.6602465,43.412277,1.2216945,1.9566935,
928,1.644528,43.494904,1.2184107,1.943196,
929,1.698236,43.215767,1.2545687,2.0002046,
930,1.6856294,43.280483,1.2495159,1.9817511,
931,1.6659561,43.382454,1.2259138,1.9543642,
932,1.6855747,43.28077,1.2293165,1.9575094,
933,1.6404297,43.516575,1.2144333,1.9347389,
934,1.6511884,43.459793,1.227009,1.9383107,
935,1.6939802,43.237556,1.2566388,1.9689071,
936,1.6544956,43.442413,1.2269998,1.9529834,
937,1.6768812,43.325684,1.2254564,1.953577,
938,1.6858162,43.279526,1.2289923,1.9473784,
939,1.6260116,43.593254,1.209067,1.9238278,
940,1.66818,43.370865,1.2366192,1.9365367,
941,1.6726456,43.34765,1.2290399,1.9736214,
942,1.7117321,43.14701,1.2283176,1.9732958,
943,1.6693972,43.364532,1.2203498,1.9419692,
944,1.6283152,43.580956,1.2122685,1.9210871,
945,1.6637056,43.3942,1.2278035,1.9265897,
946,1.6502109,43.464935,1.2203705,1.9413959,
947,1.6698849,43.362,1.2179976,1.9569294,
948,1.6633193,43.396217,1.2204958,1.9406796,
949,1.6525496,43.452637,1.2400668,1.9396502,
950,1.6577574,43.42531,1.2407815,1.9391856,
951,1.655714,43.436016,1.2248194,1.9524004,
952,1.6811337,43.30368,1.2218167,1.9633741,
953,1.7429266,42.990147,1.2409754,1.9766389,
954,1.6723132,43.349377,1.2220649,1.9498142,
955,1.6751827,43.334484,1.2385703,1.9554191,
956,1.6669668,43.377186,1.2400421,1.942504,
957,1.6889728,43.263275,1.2455419,1.9898621,
958,1.6798246,43.310448,1.232086,1.9655772,
959,1.6933311,43.24089,1.2383591,1.954313,
960,1.6696398,43.36327,1.2459148,1.9575689,
961,1.769413,42.859146,1.2963092,2.010732,
962,1.6712544,43.354874,1.2457443,1.9624926,
963,1.7192311,43.10904,1.2336825,1.9903852,
964,1.724821,43.080845,1.2459131,2.0064878,
965,1.6362329,43.538822,1.214581,1.931393,
966,1.7157555,43.126617,1.2380328,1.9658023,
967,1.6800116,43.30948,1.2432638,1.9524845,
968,1.6626264,43.399834,1.2379278,1.9607813,
969,1.6692753,43.36517,1.2173957,1.9481753,
970,1.6643904,43.39062,1.222523,1.9538822,
971,1.6515179,43.45806,1.2225596,1.9550455,
972,1.6420125,43.508194,1.2200795,1.9235135,
973,1.670628,43.35813,1.2531447,1.9524629,
974,1.6729101,43.346275,1.2537861,1.963216,
975,1.6642435,43.391388,1.2218609,1.94453,
976,1.667176,43.3761,1.2244675,1.9628986,
977,1.6300488,43.571716,1.2086577,1.9285495,
978,1.6448588,43.493153,1.2111117,1.9301337,
979,1.635152,43.544563,1.2172055,1.9277308,
980,1.65481,43.44076,1.234118,1.9550108,
981,1.6610914,43.407856,1.2294952,1.953306,
982,1.6449833,43.4925,1.2187916,1.9406874,
983,1.6411254,43.512894,1.2153714,1.94329,
984,1.6217407,43.6161,1.2042952,1.9198096,
985,1.6277887,43.583763,1.2117676,1.9235357,
986,1.6764317,43.32801,1.2423829,1.9748834,
987,1.6383926,43.527367,1.2220532,1.928434,
988,1.6938652,43.238148,1.2504677,1.9932986,
989,1.6556646,43.43628,1.2305832,1.9482731,
990,1.6628333,43.39875,1.2356659,1.9602762,
991,1.6427655,43.504215,1.2220483,1.9419199,
992,1.6274291,43.585682,1.209114,1.9243731,
993,1.6319735,43.561462,1.2147381,1.9286724,
994,1.6350936,43.544876,1.2201934,1.933614,
995,1.6631021,43.397346,1.2264055,1.956625,
996,1.6854709,43.281303,1.2489651,1.9831438,
997,1.7267002,43.07139,1.2902547,2.0253727,
998,1.6551543,43.438953,1.2338798,1.945449,
999,1.6642265,43.391476,1.2285153,1.9653664,
